500 500
200
-278 -189
-237 250
-279 402
-495 474
-193 175
311 496
155 26
188 480
-187 -406
273 218
-459 -196
-307 192
80 -451
-54 -219
-87 -479
-30 -211
374 -431
-225 -225
141 -454
128 298
1 -210
371 43
-462 45
-385 368
-30 -455
138 331
130 -148
-258 -5
-1 -8
425 -50
33 230
-51 -421
51 14
-431 -425
-234 -135
287 343
-187 328
-345 238
335 -495
-249 41
282 -92
13 483
450 -6
76 -486
131 116
293 -200
253 -6
-320 -320
338 -264
142 -30
-205 437
176 -166
159 -54
-169 185
371 296
-432 485
421 -293
-290 88
-338 162
-226 488
-280 -431
264 397
-197 -104
-37 -173
324 -311
175 77
195 20
261 303
252 -271
310 -462
-28 261
251 203
151 275
485 -1
105 48
383 332
346 401
-30 -180
37 76
-276 283
-328 -92
-357 -258
-333 -34
-441 475
141 -7
229 126
341 159
-383 463
-142 498
-446 306
-327 -486
397 -206
426 -25
344 53
-21 203
461 -253
18 182
-496 496
245 355
397 292
-44 75
119 156
496 490
404 -223
441 7
264 340
246 166
-465 381
-432 -459
-177 347
-253 236
-59 -334
-128 121
-37 -197
100 -177
373 -372
-259 9
114 -142
-182 -387
-136 -144
316 -289
-248 85
166 -460
-318 266
317 141
-279 -304
280 -109
431 230
-460 240
244 -76
-228 -118
20 290
-450 -460
237 329
-305 88
270 104
-290 -404
-446 389
-328 -237
128 448
-486 -242
367 -208
-206 153
104 337
143 122
-235 -372
250 -32
-227 342
-404 468
-102 370
-489 -428
-472 475
157 -473
167 -165
352 -473
-48 -351
-218 462
-201 -181
-172 -348
-292 314
-211 -179
63 -330
307 398
-99 -266
378 -122
-180 -324
-118 -293
-76 191
-159 218
401 -126
441 -25
-177 -9
6 126
-463 18
-98 -228
439 138
-306 -184
-215 -134
403 -351
328 -478
-406 274
-236 238
2 427
254 -136
480 189
330 -454
55 -208
135 183
422 -343
132 441
46 24
-450 -61
226 -297
-260 -170
-201 -455
-239 -32
222 417
234 -358
-308 -392
346 -205