1000 1000
100
-285 66
164 -68
-224 287
-232 -72
406 -305
330 74
252 -388
-151 -243
354 261
311 242
-188 150
-448 325
315 -259
129 425
-348 80
303 -57
-109 150
221 173
-398 -183
115 -468
428 33
-142 395
-7 54
141 -340
-406 433
122 -244
-266 -248
450 409
-359 113
-110 358
-273 10
275 449
163 -79
-422 130
125 40
108 475
111 150
302 154
-276 -329
473 -166
-492 -44
-385 -481
-499 -290
-467 -66
-484 465
381 -459
-287 -221
234 -296
-291 379
5 39
-492 -140
295 -395
-185 483
139 441
317 -329
-236 251
159 151
306 -214
405 -169
-121 300
276 62
491 117
-487 424
-238 -374
95 432
-274 -387
480 -226
-53 274
-128 352
165 283
327 -229
21 114
233 365
390 -200
-224 153
-231 35
319 313
-100 -376
-170 359
254 128
374 -13
-75 495
-5 131
4 488
78 411
415 -367
24 -443
-363 -85
325 425
-399 364
-486 473
-305 87
-110 -474
1 -14
18 312
217 -349
-263 -58
347 417
-444 235
276 -258
